0.000000000000000000e+00 2.623396515846252441e-01
1.000000000000000000e+00 2.065145820379257202e-01
2.000000000000000000e+00 1.721082478761672974e-01
3.000000000000000000e+00 1.550164818763732910e-01
4.000000000000000000e+00 1.505508273839950562e-01
5.000000000000000000e+00 1.536991298198699951e-01
6.000000000000000000e+00 1.596607565879821777e-01
7.000000000000000000e+00 1.647703349590301514e-01
8.000000000000000000e+00 1.671410202980041504e-01
9.000000000000000000e+00 1.665384620428085327e-01
1.000000000000000000e+01 1.637213230133056641e-01
1.100000000000000000e+01 1.597831994295120239e-01
1.200000000000000000e+01 1.557336151599884033e-01
1.300000000000000000e+01 1.522980481386184692e-01
1.400000000000000000e+01 1.498614996671676636e-01
1.500000000000000000e+01 1.485002934932708740e-01
1.600000000000000000e+01 1.480644047260284424e-01
1.700000000000000000e+01 1.482782214879989624e-01
1.800000000000000000e+01 1.488341838121414185e-01
1.900000000000000000e+01 1.494603306055068970e-01
2.000000000000000000e+01 1.499565392732620239e-01
2.100000000000000000e+01 1.502039134502410889e-01
2.200000000000000000e+01 1.501578986644744873e-01
2.300000000000000000e+01 1.498335897922515869e-01
2.400000000000000000e+01 1.492880731821060181e-01
2.500000000000000000e+01 1.486020088195800781e-01
2.600000000000000000e+01 1.478630006313323975e-01
2.700000000000000000e+01 1.471511572599411011e-01
2.800000000000000000e+01 1.465288847684860229e-01
2.900000000000000000e+01 1.460359394550323486e-01
3.000000000000000000e+01 1.456889808177947998e-01
3.100000000000000000e+01 1.454841643571853638e-01
3.200000000000000000e+01 1.453993469476699829e-01
3.300000000000000000e+01 1.453965604305267334e-01
3.400000000000000000e+01 1.454259455204010010e-01
3.500000000000000000e+01 1.454331129789352417e-01
3.600000000000000000e+01 1.453703045845031738e-01
3.700000000000000000e+01 1.452071219682693481e-01
3.800000000000000000e+01 1.449373811483383179e-01
3.900000000000000000e+01 1.445786654949188232e-01
4.000000000000000000e+01 1.441651135683059692e-01
4.100000000000000000e+01 1.437364369630813599e-01
4.200000000000000000e+01 1.433264017105102539e-01
4.300000000000000000e+01 1.429546475410461426e-01
4.400000000000000000e+01 1.426234990358352661e-01
4.500000000000000000e+01 1.423201262950897217e-01
4.600000000000000000e+01 1.420224308967590332e-01
4.700000000000000000e+01 1.417069435119628906e-01
4.800000000000000000e+01 1.413549333810806274e-01
4.900000000000000000e+01 1.409553885459899902e-01
5.000000000000000000e+01 1.405046880245208740e-01
5.100000000000000000e+01 1.400037854909896851e-01
5.200000000000000000e+01 1.394552588462829590e-01
5.300000000000000000e+01 1.388612538576126099e-01
5.400000000000000000e+01 1.382232457399368286e-01
5.500000000000000000e+01 1.375426948070526123e-01
5.600000000000000000e+01 1.368216723203659058e-01
5.700000000000000000e+01 1.360627859830856323e-01
5.800000000000000000e+01 1.352677047252655029e-01
5.900000000000000000e+01 1.344358026981353760e-01
6.000000000000000000e+01 1.335636079311370850e-01
6.100000000000000000e+01 1.326455920934677124e-01
6.200000000000000000e+01 1.316762119531631470e-01
6.300000000000000000e+01 1.306518614292144775e-01
6.400000000000000000e+01 1.295716166496276855e-01
6.500000000000000000e+01 1.284364908933639526e-01
6.600000000000000000e+01 1.272477805614471436e-01
6.700000000000000000e+01 1.260059326887130737e-01
6.800000000000000000e+01 1.247104257345199585e-01
6.900000000000000000e+01 1.233609393239021301e-01
7.000000000000000000e+01 1.219588667154312134e-01
7.100000000000000000e+01 1.205080673098564148e-01
7.200000000000000000e+01 1.190148741006851196e-01
7.300000000000000000e+01 1.174875795841217041e-01
7.400000000000000000e+01 1.159362345933914185e-01
7.500000000000000000e+01 1.143729090690612793e-01
7.600000000000000000e+01 1.128123849630355835e-01
7.700000000000000000e+01 1.112719923257827759e-01
7.800000000000000000e+01 1.097704097628593445e-01
7.900000000000000000e+01 1.083257421851158142e-01
8.000000000000000000e+01 1.069537997245788574e-01
8.100000000000000000e+01 1.056673899292945862e-01
8.200000000000000000e+01 1.044765934348106384e-01
8.300000000000000000e+01 1.033889502286911011e-01
8.400000000000000000e+01 1.024092882871627808e-01
8.500000000000000000e+01 1.015388071537017822e-01
8.600000000000000000e+01 1.007744073867797852e-01
8.700000000000000000e+01 1.001089960336685181e-01
8.800000000000000000e+01 9.953221678733825684e-02
8.900000000000000000e+01 9.903144091367721558e-02
9.000000000000000000e+01 9.859236329793930054e-02
9.100000000000000000e+01 9.819999337196350098e-02
9.200000000000000000e+01 9.783936291933059692e-02
9.300000000000000000e+01 9.749631583690643311e-02
9.400000000000000000e+01 9.715761244297027588e-02
9.500000000000000000e+01 9.681148082017898560e-02
9.600000000000000000e+01 9.644853323698043823e-02
9.700000000000000000e+01 9.606284648180007935e-02
9.800000000000000000e+01 9.565202146768569946e-02
9.900000000000000000e+01 9.521655738353729248e-02
1.000000000000000000e+02 9.475954622030258179e-02
1.010000000000000000e+02 9.428641945123672485e-02
1.020000000000000000e+02 9.380427002906799316e-02
1.030000000000000000e+02 9.332037717103958130e-02
1.040000000000000000e+02 9.284117072820663452e-02
1.050000000000000000e+02 9.237189590930938721e-02
1.060000000000000000e+02 9.191673249006271362e-02
1.070000000000000000e+02 9.147852659225463867e-02
1.080000000000000000e+02 9.105865657329559326e-02
1.090000000000000000e+02 9.065730869770050049e-02
1.100000000000000000e+02 9.027360379695892334e-02
1.110000000000000000e+02 8.990585803985595703e-02
1.120000000000000000e+02 8.955159783363342285e-02
1.130000000000000000e+02 8.920776844024658203e-02
1.140000000000000000e+02 8.887116611003875732e-02
1.150000000000000000e+02 8.853862434625625610e-02
1.160000000000000000e+02 8.820757269859313965e-02
1.170000000000000000e+02 8.787629008293151855e-02
1.180000000000000000e+02 8.754380047321319580e-02
1.190000000000000000e+02 8.720973134040832520e-02
1.200000000000000000e+02 8.687422424554824829e-02
1.210000000000000000e+02 8.653780072927474976e-02
1.220000000000000000e+02 8.620114624500274658e-02
1.230000000000000000e+02 8.586508780717849731e-02
1.240000000000000000e+02 8.553084731101989746e-02
1.250000000000000000e+02 8.519987016916275024e-02
1.260000000000000000e+02 8.487352728843688965e-02
1.270000000000000000e+02 8.455289155244827271e-02
1.280000000000000000e+02 8.423859626054763794e-02
1.290000000000000000e+02 8.393087238073348999e-02
1.300000000000000000e+02 8.362950384616851807e-02
1.310000000000000000e+02 8.333408087491989136e-02
1.320000000000000000e+02 8.304411917924880981e-02
1.330000000000000000e+02 8.275886625051498413e-02
1.340000000000000000e+02 8.247742056846618652e-02
1.350000000000000000e+02 8.219886571168899536e-02
1.360000000000000000e+02 8.192238211631774902e-02
1.370000000000000000e+02 8.164750039577484131e-02
1.380000000000000000e+02 8.137401193380355835e-02
1.390000000000000000e+02 8.110189437866210938e-02
1.400000000000000000e+02 8.083115518093109131e-02
1.410000000000000000e+02 8.056184649467468262e-02
1.420000000000000000e+02 8.029406517744064331e-02
1.430000000000000000e+02 8.002795279026031494e-02
1.440000000000000000e+02 7.976356148719787598e-02
1.450000000000000000e+02 7.950083166360855103e-02
1.460000000000000000e+02 7.923951745033264160e-02
1.470000000000000000e+02 7.897932082414627075e-02
1.480000000000000000e+02 7.871993631124496460e-02
1.490000000000000000e+02 7.846111804246902466e-02
